package runs;

import java.io.BufferedReader;
import java.io.File;
import java.io.FileInputStream;
import java.io.FileReader;
import java.io.FileWriter;
import java.io.IOException;
import java.io.InputStream;
import java.io.InputStreamReader;
import java.io.ObjectInputStream;
import java.io.ObjectOutputStream;
import java.io.OutputStream;
import java.net.ServerSocket;
import java.net.Socket;
import java.net.SocketTimeoutException;
import java.util.Date;
import java.util.Scanner;
import java.util.Vector;
import java.util.logging.FileHandler;
import java.util.logging.Formatter;
import java.util.logging.Handler;
import java.util.logging.Level;
import java.util.logging.LogRecord;
import java.util.logging.Logger;

import com.google.gson.Gson;



import as.AntCommunityCargo;
import as.AntServerCommand;
import as.AsUtilities;
import as.CargoPool;
import as.GraphStore;
import as.MatrixData;
import as.MyProperties;

// http://www.vogella.com/tutorials/Logging/article.html

public class AntCommunityServer {

	private String versionNo = "0.9 03/05/16";

	protected MyProperties prop= new MyProperties();
	protected static String propName="AntCommunity.prop";

	public static Logger theLogger = Logger.getLogger("AcsControll");
	public static GraphStore graphStore;

	protected CargoPool thePool;

	protected ServerSocket sock;
	protected Socket clientSocket;

	protected int currRunNo;
	protected long clientStarted;

	protected int currClientNo;
	protected int mustBeClientNo;
	protected boolean propagateFeromons;

	//private double ferSumSicher=0.0; 
	
	protected void initLogger() throws Exception {
		Handler handler;
		handler = new FileHandler(prop.getProperty("logFileName", "ACSLoger.txt").trim(), true);
		theLogger.addHandler(handler);
		theLogger.setLevel(Level.ALL);
		handler.setFormatter(new Formatter() {
			@Override
			public String format(LogRecord record) {
				// TODO Auto-generated method stub
				String res;
				long milis= record.getMillis();
				res=AsUtilities.getTimeMili(milis)+"\t";
				res+=record.getLevel()+"\t";
				res+=record.getMessage();
				return res;
			}
		});		
	}
	protected void initGraphStore() {
		graphStore= new GraphStore(prop);
		int inter=prop.getInteger("interval",1000);
		graphStore.setInterval(inter);
		Runnable runnable = graphStore;
		Thread thread = new Thread(runnable);
		thread.start();		
	}
	protected String paramInfo() {
		String res=prop.getWord("serialname", "XX");
		res+="\tnAnts "+prop.getInteger("nAnts", -1);
		res+="\tnIter "+prop.getInteger("nIterations", -1);
		res+="\t#Cls "+prop.getInteger("mustBeClients", -1);
		res+="\tnRuns "+prop.getInteger("nRuns", -1);
		res+="\tCmd "+prop.getWord("defCommand", "XX");
		res+="\tnCPool  "+prop.getInteger("CargoPoolSize", -1);
		res+="\tCRand "+prop.getBoolean("CargoRandomMode", false);
		res+="\tpropFer "+ prop.getBoolean("propagateFeromons", false); 
		return(res);
	}
	public AntCommunityServer(String fn) throws Exception {
		FileReader fr= new FileReader(fn);
		prop.load(fr);
//		if (!isOK()) {
//			System.err.print("Parameters not accepted, end of run\n");
//			System.exit(2);
//		}
		fr.close();
		initLogger();
		long d= (new Date()).getTime();
		theLogger.severe("...\t\n");
		String msg="<========NEW=======> ACS v. " +versionNo +"\t"+AsUtilities.getDate(d)+"\t"+AsUtilities.getTime()+"\n";
		theLogger.severe(msg);
		theLogger.severe(paramInfo()+"\n");
		propagateFeromons=prop.getBoolean("propagateFeromons", false);
		initGraphStore();
		initServer();
		initCargoPool();
	}
	protected void initCargoPool() {
		int size=prop.getInteger("CargoPoolSize", 1);
		if (size<0) {
			thePool= new CargoPool();
		} else {
			boolean randMode= prop.getBoolean("CargoRandomMode", false);
			thePool = new CargoPool(size, randMode);
		}
		AntCommunityCargo acc= new AntCommunityCargo(prop);
		thePool.storeCargo(acc);
	}
	protected boolean isOK() {
		boolean res=true;
		Scanner sc=new Scanner(System.in);
		System.out.println("Run parametrs:\n"+paramInfo()+"\nIs it OK?");
		String resp=sc.nextLine();
		res=resp.toLowerCase().startsWith("ok")|| resp.toLowerCase().startsWith("y")||
				resp.toLowerCase().startsWith("t") || resp.toLowerCase().startsWith("1");
		sc.close();
		return(res);
	}
	protected AntServerCommand getCommand() {
		if (currClientNo<prop.getInteger("mustBeClients", 1)) {
			return(AntServerCommand.SLEEP);
		}
		int maxRunNo=prop.getInteger("nRuns", 1);
		if (maxRunNo>0 && maxRunNo<currRunNo) {
			return(AntServerCommand.STOP);
		}
		String s= prop.getWord("defCommand", "sleep");
		return(AntServerCommand.toCommand(s));
	}
	public void initServer() throws IOException {
		int hostPort= prop.getInteger("HostPort", 8981);
		sock = new ServerSocket(hostPort);
		theLogger.severe("Ant Server is ready for connections\n");		
	}

	public void runServer() throws Exception
	{
		int nRuns;
		while(currRunNo<(nRuns=prop.getInteger("nRuns", 5))) {
			try {
				/* Wait for a connection */
				sock.setSoTimeout(1000+nRuns);
				clientSocket = sock.accept();
				new ObjectHandler(clientSocket).start();
			}
			catch (SocketTimeoutException ex) {
				// try once more
			} catch(IOException e) {
				/* Crash the server if IO fails. Something bad has happened */
				theLogger.severe("Could not accept " + e+"\n");
				System.exit(1);
			}
		}
		long duration=System.currentTimeMillis()-clientStarted;
		double power=prop.getPowerMerics(clientStarted);
		theLogger.severe("Ant Community Server duaration=>\t"+
				AsUtilities.integer2String(duration)+
				"\tmilisecends, load:\t"+
				AsUtilities.double2String(prop.getComputationLoad())+"\t[ "+ 
				AsUtilities.double2String(power,3)+
				" ]\tEND OF WORK  ================\n");
		return;
	}


	public void showParams() {
		System.out.print(prop.toString());
	}

	public void dumpCargoToFile(String[] args) throws Exception {
			

			boolean overwrite = true;
		
			FileWriter fw;
			Gson gson = new Gson();


/*
            Integer nAnts = Integer.parseInt(args[0]);
            Integer nIterations = Integer.parseInt(args[1]);	
            Integer nRepetitions = Integer.parseInt(args[2]);	
            Integer nGenerations = Integer.parseInt(args[3]);	
  */          
			Integer nAnts  = prop.getInteger("nAnts", 50);
			Integer nIterations  = prop.getInteger("nIterations", 50);
			Integer nRepetitions = prop.getInteger("nRepetitions", 10);
			
			
			Integer nGenerations = 1;	
            
            
		for(Integer g=0;g<nGenerations;g++){
				
			
            
            
			try {

				if (overwrite) {
										
				
				fw = new FileWriter("cargodump.txt");
	
				AntCommunityCargo cargo= new AntCommunityCargo(prop);
//				AntCommunityCargo cargo= thePool.getCargo();  // the final one

						
				
				
				System.out.println("got cargo!");
	
				
//				while (currRunNo< nRepetitions ) {
				while (currRunNo<prop.getInteger("nRuns", 10)) {
					
					cargo.setMessage("cargoExport"+currRunNo);
					AntServerCommand theCommand;
					theCommand=getCommand();
					cargo.setCommand(theCommand);
					
					
//	---------------------- FROM PARAMS
/*					
			        if(args.length < 2)
			        {
			            System.out.println("Wrong number of parameters");
			            System.exit(1);
			        }					
					
*/										
					cargo.basicParams.setantNumber(nAnts);
					cargo.basicParams.setIterationNumber(nIterations);
					

					
// ======================================					
					
					
//					double distNeu[][]= graphStore.getDistanceMatrix();
			//50 - 2d        full
			        double[][] distNeu = {{0.0,14.0,11.0453610172,6.32455532034,38.1182371051,30.2654919008,12.0830459736,15.6524758425,11.401754251,14.8660687473,35.1140997322,14.7648230602,23.6008474424,25.0,16.1554944214,17.4642491966,46.2385120868,20.2484567313,28.4253408071,19.6977156036,19.9248588452,21.1896201004,39.9624824054,37.4432904537,24.1867732449,37.0135110466,25.632011236,24.1867732449,25.7099202644,26.9258240357,29.0688837075,28.1602556807,37.5366487582,38.9486841883,41.7252920901,54.6443043693,49.040799341,47.5078940809,31.1448230048,53.1507290637,37.3363094052,46.8614980554,45.0,51.6236379966,39.9249295554,38.0788655293,59.5482997238,58.0,41.1096095822,43.965895874},{14.0,0.0,3.16227766017,20.0997512422,52.0864665724,44.1814440687,5.83095189485,28.8617393793,22.8473193176,10.4403065089,48.5077313425,14.7648230602,35.8468966579,37.1618083521,25.0,26.4007575649,59.4810894319,17.2626765016,40.249223595,18.973665961,27.5862284483,29.0,52.3927475897,49.6588360717,33.4215499341,48.7647413609,33.2415402772,26.4007575649,26.2488094968,26.9258240357,26.0192236625,34.8281495345,48.0104155366,49.4064773081,52.4309069157,66.6483308118,60.5392434707,58.8302643203,35.3553390593,64.3506021728,35.0142828,56.8506816142,54.5618914628,62.2012861603,47.0106370942,43.5660418216,70.7248188403,68.8186021363,44.3846820423,42.0119030752},{11.0453610172,3.16227766017,0.0,17.0293863659,49.040799341,41.1096095822,4.0,25.7099202644,19.6977156036,9.0,45.3541618818,12.6491106407,32.6955654485,34.0147027034,22.0227155455,23.4307490277,56.3205113613,16.0,37.1214223865,17.2626765016,24.7588368063,26.1725046566,49.244289009,46.5188133985,30.4795013083,45.6508488421,30.4795013083,24.3515913238,24.5153013443,25.3179778023,25.079872408,32.2024843762,45.0,46.4004310325,49.4064773081,63.5295206971,57.4543296889,55.7584074378,33.1058907145,61.2943716829,34.0587727319,53.9073278878,51.6623654124,59.2030404625,44.4072066223,41.1825205639,67.6756972628,65.8027355054,42.3792402008,41.0487515035},{6.32455532034,20.0997512422,17.0293863659,0.0,32.0156211872,24.0831891576,17.2626765016,9.43398113206,7.07106781187,18.7882942281,28.7923600978,17.0293863659,17.691806013,19.1049731745,13.0,14.0356688476,39.9249295554,22.6715680975,22.627416998,21.2602916255,17.0,18.0277563773,33.8378486314,31.4006369362,19.9248588452,31.1448230048,22.2036033112,23.769728648,25.9422435421,27.2946881279,30.61045573,25.079872408,32.2024843762,33.6005952328,36.235341864,48.6004115209,43.1856457634,41.7252920901,29.1547594742,47.3814309619,38.0788655293,41.6173040934,39.9624824054,46.0977222865,36.1386219992,35.1283361405,53.7587202229,52.3450093132,39.1152144312,44.283179651},{38.1182371051,52.0864665724,49.040799341,32.0156211872,0.0,8.0622577483,49.040799341,24.3310501212,31.5753068077,49.4974746831,10.295630141,46.0977222865,21.9544984001,21.6333076528,34.1760149813,33.6154726279,14.8660687473,50.960769225,21.9317121995,48.3838816136,35.77708764,35.3553390593,18.4390889146,19.3132079158,31.6227766017,21.9317121995,35.8050275799,46.0651712251,49.193495505,50.537115074,55.9464029228,38.4187454246,28.1780056072,28.6356421266,28.4604989415,28.8617393793,28.0,28.0713376952,44.821869662,32.0624390838,60.207972894,33.9558536927,34.7850542619,34.0587727319,41.0487515035,44.687805943,36.6742416418,37.2155881319,51.6623654124,64.2028036771},{30.2654919008,44.1814440687,41.1096095822,24.0831891576,8.0622577483,0.0,41.0121933088,16.2788205961,23.5372045919,41.4366987102,8.54400374532,38.0788655293,14.8660687473,14.8660687473,26.4007575649,25.9422435421,18.3847763109,43.0116263352,16.1245154966,40.4969134626,28.3019433962,28.0178514522,17.4642491966,17.0293863659,24.7588368063,19.0262975904,29.0,38.5875627631,41.6773319683,43.0464865001,48.3011387029,31.8276609257,24.5153013443,25.3179778023,26.0192236625,30.886890423,28.1602556807,27.6586333719,38.1837661841,32.5729949498,53.0094331228,32.0,32.14031736,33.5410196625,36.2491379208,39.1152144312,38.0788655293,37.947331922,45.8039299624,57.3846669416},{12.0830459736,5.83095189485,4.0,17.2626765016,49.040799341,41.0121933088,0.0,25.079872408,18.4390889146,5.0,44.5533388199,8.94427191,31.3209195267,32.5729949498,19.7230829233,21.0950231097,55.3172667438,12.0,35.4682957019,13.3416640641,22.0227155455,23.4307490277,47.759815745,44.9444101085,28.0178514522,43.8634243989,27.5862284483,20.6155281281,20.6155281281,21.3775583264,21.0950231097,29.0688837075,42.7200187266,44.1021541424,47.1699056603,61.7413961617,55.4707129934,53.712196008,29.5296461205,59.1692487699,30.0665927567,51.4003891036,49.040799341,56.8594759033,41.2310562562,37.7359245282,65.5133574166,63.5137780328,38.6264158317,37.0540146273},{15.6524758425,28.8617393793,25.7099202644,9.43398113206,24.3310501212,16.2788205961,25.079872408,0.0,7.28010988928,25.179356624,19.6468827044,21.8403296678,8.60232526704,10.0,11.313708499,11.401754251,30.6757233004,26.9258240357,13.6014705087,24.5967477525,14.4222051019,14.7648230602,24.4131112315,22.0227155455,14.1421356237,21.9317121995,17.7200451467,24.0416305603,26.9072480941,28.319604517,33.0151480384,20.8806130178,23.7065391823,25.0599281723,27.4590604355,39.2045915678,33.941125497,32.5576411922,26.4007575649,38.2099463491,38.8973006776,33.1209903234,31.7804971641,37.2021504755,30.0166620396,30.4138126515,44.5533388199,43.2781700168,35.7351367704,44.2040722106},{11.401754251,22.8473193176,19.6977156036,7.07106781187,31.5753068077,23.5372045919,18.4390889146,7.28010988928,0.0,18.0277563773,26.1725046566,14.5602197786,13.0,14.3178210633,6.0827625303,7.0,36.8781778292,19.6977156036,17.4928556845,17.4928556845,10.0498756211,11.0,29.5465734054,26.83281573,13.0,26.0768096208,15.1327459504,18.0277563773,20.6155281281,22.0227155455,26.2488094968,18.0277563773,26.1725046566,27.5862284483,30.4138126515,43.9089968002,38.0131556175,36.4005494464,22.360679775,42.0119030752,32.8024389337,35.4682957019,33.6005952328,40.3112887415,29.1204395571,28.0713376952,48.4148737476,46.7546789102,32.2490309932,38.5875627631},{14.8660687473,10.4403065089,9.0,18.7882942281,49.4974746831,41.4366987102,5.0,25.179356624,18.0277563773,0.0,44.0454310911,5.0,30.2654919008,31.4006369362,17.7200451467,18.973665961,54.4518135602,7.0,33.9558536927,8.54400374532,19.2353840617,20.591260282,46.3249392876,43.4165866922,25.495097568,42.0594816896,24.4131112315,16.1245154966,15.8113883008,16.4924225025,16.1245154966,25.495097568,40.249223595,41.5932686862,44.72135955,59.8080262172,53.310411741,51.4781507049,25.2388589282,56.7978872847,25.079872408,48.5489443758,46.0434577329,54.2033209315,37.483329628,33.6005952328,63.0634601017,60.9015599143,34.0147027034,32.0624390838},{35.1140997322,48.5077313425,45.3541618818,28.7923600978,10.295630141,8.54400374532,44.5533388199,19.6468827044,26.1725046566,44.0454310911,0.0,40.0124980475,14.1421356237,13.3416640641,27.1661554144,26.3058928759,11.1803398875,44.283179651,12.5299640861,41.4366987102,27.892651362,27.2029410175,9.05538513814,9.21954445729,22.8473193176,11.7046999107,26.83281573,37.947331922,41.1096095822,42.3792402008,48.0832611207,29.1547594742,17.88854382,18.3847763109,18.4390889146,22.4722050542,19.6468827044,19.2353840617,35.5105618091,24.0416305603,51.4295634825,24.1867732449,24.7386337537,25.179356624,30.8058436015,34.6554469023,29.5465734054,29.4108823397,41.7252920901,54.918120871},{14.7648230602,14.7648230602,12.6491106407,17.0293863659,46.0977222865,38.0788655293,8.94427191,21.8403296678,14.5602197786,5.0,40.0124980475,0.0,26.0192236625,27.0739727414,13.152946438,14.3178210633,50.1597448159,5.65685424949,29.4278779391,5.09901951359,14.3178210633,15.6524758425,41.7731971484,38.8329756779,20.6155281281,37.3630833845,19.4164878389,11.7046999107,12.0415945788,13.0,14.3178210633,20.5182845287,35.3411940941,36.6742416418,39.8120584748,55.0272659688,48.4664832642,46.6154480832,20.591260282,51.8941229813,22.803508502,43.5660418216,41.0487515035,49.244289009,32.5576411922,28.8444102037,58.137767415,55.9464029228,29.7321374946,29.6141857899},{23.6008474424,35.8468966579,32.6955654485,17.691806013,21.9544984001,14.8660687473,31.3209195267,8.60232526704,13.0,30.2654919008,14.1421356237,26.0192236625,0.0,1.41421356237,13.0384048104,12.1655250606,24.1867732449,30.1496268634,5.0,27.2946881279,13.9283882772,13.416407865,16.5529453572,13.8924439894,9.89949493661,13.4536240471,14.1421356237,24.1660919472,27.3130005675,28.6356421266,34.1760149813,17.0293863659,15.2315462117,16.5529453572,18.8679622641,31.064449134,25.495097568,24.0416305603,23.3452350599,29.6984848098,38.275318418,24.5967477525,23.4093998214,28.6006992922,23.3452350599,25.079872408,36.0693775937,34.7131099154,31.384709653,42.5205832509},{25.0,37.1618083521,34.0147027034,19.1049731745,21.6333076528,14.8660687473,32.5729949498,10.0,14.3178210633,31.4006369362,13.3416640641,27.0739727414,1.41421356237,0.0,14.0,13.0384048104,23.0867927612,31.064449134,3.60555127546,28.1602556807,14.5602197786,13.9283882772,15.2315462117,12.5299640861,10.0,12.0415945788,14.2126704036,24.6981780705,27.8567765544,29.1547594742,34.7850542619,16.9705627485,13.9283882772,15.2315462117,17.4928556845,29.6816441593,24.0831891576,22.627416998,23.3452350599,28.2842712475,38.5875627631,23.2594066992,22.1359436212,27.2029410175,22.5610283454,24.5967477525,34.6554469023,33.3016516107,31.064449134,42.6380112107},{16.1554944214,25.0,22.0227155455,13.0,34.1760149813,26.4007575649,19.7230829233,11.313708499,6.0827625303,17.7200451467,27.1661554144,13.152946438,13.0384048104,14.0,0.0,1.41421356237,37.0540146273,17.1172427686,16.2788205961,14.3178210633,4.0,5.09901951359,28.6356421266,25.7099202644,8.48528137424,24.3515913238,9.48683298051,12.7279220614,15.6204993518,17.0293863659,21.9544984001,12.1655250606,23.0217288664,24.4131112315,27.4590604355,42.1544778167,35.77708764,34.0,16.2788205961,39.4461658466,27.5862284483,31.8904374382,29.6984848098,37.2021504755,23.769728648,22.2036033112,45.7930125674,43.8292140016,26.1725046566,33.0151480384},{17.4642491966,26.4007575649,23.4307490277,14.0356688476,33.6154726279,25.9422435421,21.0950231097,11.401754251,7.0,18.973665961,26.3058928759,14.3178210633,12.1655250606,13.0384048104,1.41421356237,0.0,36.0138862107,18.0277563773,15.1327459504,15.1327459504,3.16227766017,4.0,27.4590604355,24.5153013443,7.07106781187,23.0867927612,8.24621125124,12.8062484749,15.8113883008,17.2046505341,22.360679775,11.0453610172,21.6333076528,23.0217288664,26.0768096208,40.8533964316,34.4383507154,32.6496554346,15.5241746963,38.0788655293,27.5862284483,30.4795013083,28.2842712475,35.8050275799,22.4722050542,21.0950231097,44.418464629,42.4381903478,25.3179778023,32.8024389337},{46.2385120868,59.4810894319,56.3205113613,39.9249295554,14.8660687473,18.3847763109,55.3172667438,30.6757233004,36.8781778292,54.4518135602,11.1803398875,50.1597448159,24.1867732449,23.0867927612,37.0540146273,36.0138862107,0.0,54.0,21.0237960416,51.0098029794,37.0540146273,36.1247837364,9.8488578018,12.6491106407,31.2569992162,15.2315462117,34.7131099154,46.5295604965,49.6487663492,50.8035431835,56.7186036499,36.4005494464,21.0950231097,20.8086520467,19.1049731745,14.1421356237,14.8660687473,15.6524758425,42.3792402008,18.2482875909,58.8217646794,23.0217288664,24.8394846967,21.1896201004,34.4093010682,39.4461658466,22.0907220344,23.0217288664,46.6476151588,61.3269924258},{20.2484567313,17.2626765016,16.0,22.6715680975,50.960769225,43.0116263352,12.0,26.9258240357,19.6977156036,7.0,44.283179651,5.65685424949,30.1496268634,31.064449134,17.1172427686,18.0277563773,54.0,0.0,33.0151480384,3.16227766017,17.1172427686,18.2482875909,45.1774279923,42.1900462195,23.3452350599,40.4474968323,21.1896201004,10.6301458127,9.43398113206,9.8488578018,9.21954445729,21.4709105536,37.6430604494,38.8973006776,42.0594816896,57.7234787586,50.960769225,49.040799341,19.7989898732,54.083269132,18.1107702763,45.1884941108,42.4852915725,51.0783711565,32.8024389337,28.2842712475,60.166435826,57.7754273026,27.7848879789,25.079872408},{28.4253408071,40.249223595,37.1214223865,22.627416998,21.9317121995,16.1245154966,35.4682957019,13.6014705087,17.4928556845,33.9558536927,12.5299640861,29.4278779391,5.0,3.60555127546,16.2788205961,15.1327459504,21.0237960416,33.0151480384,0.0,30.0,16.0312195419,15.1327459504,12.3693168769,9.48683298051,10.4403065089,8.60232526704,14.3178210633,25.7099202644,28.8617393793,30.083217913,35.902646142,16.6433169771,10.4403065089,11.7046999107,13.8924439894,26.4196896272,20.6155281281,19.1049731745,23.0217288664,24.7588368063,38.9101529167,19.6977156036,18.6815416923,23.6008474424,20.2484567313,23.0217288664,31.1448230048,29.7321374946,29.8328677804,42.4381903478},{19.6977156036,18.973665961,17.2626765016,21.2602916255,48.3838816136,40.4969134626,13.3416640641,24.5967477525,17.4928556845,8.54400374532,41.4366987102,5.09901951359,27.2946881279,28.1602556807,14.3178210633,15.1327459504,51.0098029794,3.16227766017,30.0,0.0,14.0356688476,15.1327459504,42.1070065429,39.1152144312,20.2237484162,37.3363094052,18.0277563773,7.81024967591,7.28010988928,8.0622577483,9.43398113206,18.3575597507,34.4818792991,35.7351367704,38.8973006776,54.5710545986,47.8016736109,45.8802789878,17.0293863659,50.9215082259,17.7200451467,42.0475920833,39.3573373083,47.9270278653,29.8328677804,25.495097568,57.008771255,54.626001135,25.495097568,24.5153013443},{19.9248588452,27.5862284483,24.7588368063,17.0,35.77708764,28.3019433962,22.0227155455,14.4222051019,10.0498756211,19.2353840617,27.892651362,14.3178210633,13.9283882772,14.5602197786,4.0,3.16227766017,37.0540146273,17.1172427686,16.0312195419,14.0356688476,0.0,1.41421356237,28.0713376952,25.079872408,6.32455532034,23.3452350599,5.83095189485,10.295630141,13.416407865,14.7648230602,20.2484567313,8.24621125124,21.0237960416,22.360679775,25.495097568,40.8044115262,34.1760149813,32.3109888428,12.3693168769,37.5765884561,24.8394846967,29.4108823397,27.0185121722,34.9857113691,20.1246117975,18.2482875909,43.8292140016,41.6773319683,22.2036033112,29.8328677804},{21.1896201004,29.0,26.1725046566,18.0277563773,35.3553390593,28.0178514522,23.4307490277,14.7648230602,11.0,20.591260282,27.2029410175,15.6524758425,13.416407865,13.9283882772,5.09901951359,4.0,36.1247837364,18.2482875909,15.1327459504,15.1327459504,1.41421356237,0.0,27.0185121722,24.0208242989,5.09901951359,22.2036033112,4.472135955,10.7703296143,13.9283882772,15.2315462117,20.8806130178,7.07106781187,19.6977156036,21.0237960416,24.1660919472,39.5600808897,32.8937684068,31.0161248385,11.7046999107,36.2491379208,25.0,28.0178514522,25.6124969497,33.6154726279,18.7882942281,17.1172427686,42.4852915725,40.3112887415,21.3775583264,29.7321374946},{39.9624824054,52.3927475897,49.244289009,33.8378486314,18.4390889146,17.4642491966,47.759815745,24.4131112315,29.5465734054,46.3249392876,9.05538513814,41.7731971484,16.5529453572,15.2315462117,28.6356421266,27.4590604355,9.8488578018,45.1774279923,12.3693168769,42.1070065429,28.0713376952,27.0185121722,0.0,3.0,22.0,5.38516480713,25.179356624,37.1214223865,40.1995024845,41.3037528561,47.2652091924,26.6833281283,11.401754251,11.313708499,10.295630141,14.8660687473,10.7703296143,10.1980390272,32.5729949498,15.2315462117,49.040799341,15.5241746963,16.5529453572,16.1245154966,24.8394846967,29.6816441593,21.0950231097,20.6155281281,36.8917334914,51.4781507049},{37.4432904537,49.6588360717,46.5188133985,31.4006369362,19.3132079158,17.0293863659,44.9444101085,22.0227155455,26.83281573,43.4165866922,9.21954445729,38.8329756779,13.8924439894,12.5299640861,25.7099202644,24.5153013443,12.6491106407,42.1900462195,9.48683298051,39.1152144312,25.079872408,24.0208242989,3.0,0.0,19.0,2.82842712475,22.2036033112,34.1320963318,37.2155881319,38.3275357935,44.283179651,23.769728648,9.21954445729,9.43398113206,9.21954445729,17.2046505341,12.2065556157,11.1803398875,29.7321374946,16.6433169771,46.1735855225,15.0332963784,15.5241746963,16.7630546142,22.627416998,27.2029410175,22.803508502,21.9544984001,34.4093010682,48.754486973},{24.1867732449,33.4215499341,30.4795013083,19.9248588452,31.6227766017,24.7588368063,28.0178514522,14.1421356237,13.0,25.495097568,22.8473193176,20.6155281281,9.89949493661,10.0,8.48528137424,7.07106781187,31.2569992162,23.3452350599,10.4403065089,20.2237484162,6.32455532034,5.09901951359,22.0,19.0,0.0,17.1172427686,4.24264068712,15.2970585408,18.4390889146,19.6468827044,25.495097568,7.21110255093,14.7648230602,16.1245154966,19.2353840617,34.4818792991,27.8567765544,26.0,13.4536240471,31.304951685,28.6530975638,23.4307490277,21.2132034356,28.8444102037,16.2788205961,16.2788205961,37.5898922584,35.5105618091,21.9317121995,32.6496554346},{37.0135110466,48.7647413609,45.6508488421,31.1448230048,21.9317121995,19.0262975904,43.8634243989,21.9317121995,26.0768096208,42.0594816896,11.7046999107,37.3630833845,13.4536240471,12.0415945788,24.3515913238,23.0867927612,15.2315462117,40.4474968323,8.60232526704,37.3363094052,23.3452350599,22.2036033112,5.38516480713,2.82842712475,17.1172427686,0.0,20.0249843945,32.0156211872,35.0570962859,36.1247837364,42.1070065429,21.3775583264,6.40312423743,6.7082039325,7.0,17.88854382,12.0415945788,10.6301458127,27.2029410175,16.2788205961,43.6806593357,13.0384048104,13.152946438,15.6524758425,19.7989898732,24.4131112315,22.627416998,21.400934559,31.6227766017,46.0977222865},{25.632011236,33.2415402772,30.4795013083,22.2036033112,35.8050275799,29.0,27.5862284483,17.7200451467,15.1327459504,24.4131112315,26.83281573,19.4164878389,14.1421356237,14.2126704036,9.48683298051,8.24621125124,34.7131099154,21.1896201004,14.3178210633,18.0277563773,5.83095189485,4.472135955,25.179356624,22.2036033112,4.24264068712,20.0249843945,0.0,12.0,15.0332963784,16.1245154966,22.0907220344,3.16227766017,16.4924225025,17.7200451467,20.8806130178,36.6742416418,29.8328677804,27.892651362,9.21954445729,32.8937684068,24.5967477525,24.1867732449,21.6333076528,29.9666481275,14.3178210633,13.0,39.0,36.6742416418,18.0277563773,28.4253408071},{24.1867732449,26.4007575649,24.3515913238,23.769728648,46.0651712251,38.5875627631,20.6155281281,24.0416305603,18.0277563773,16.1245154966,37.947331922,11.7046999107,24.1660919472,24.6981780705,12.7279220614,12.8062484749,46.5295604965,10.6301458127,25.7099202644,7.81024967591,10.295630141,10.7703296143,37.1214223865,34.1320963318,15.2970585408,32.0156211872,12.0,0.0,3.16227766017,4.472135955,10.1980390272,11.401754251,28.2842712475,29.4278779391,32.5576411922,48.5077313425,41.5932686862,39.6232255123,9.21954445729,44.3846820423,14.8660687473,35.1140997322,32.3109888428,41.1096095822,22.2036033112,17.691806013,50.2891638427,47.759815745,18.0277563773,20.591260282},{25.7099202644,26.2488094968,24.5153013443,25.9422435421,49.193495505,41.6773319683,20.6155281281,26.9072480941,20.6155281281,15.8113883008,41.1096095822,12.0415945788,27.3130005675,27.8567765544,15.6204993518,15.8113883008,49.6487663492,9.43398113206,28.8617393793,7.28010988928,13.416407865,13.9283882772,40.1995024845,37.2155881319,18.4390889146,35.0570962859,15.0332963784,3.16227766017,0.0,1.41421356237,7.07106781187,14.1421356237,31.1448230048,32.2490309932,35.3553390593,51.3517283059,44.4072066223,42.4264068712,10.8166538264,47.0744091838,12.2065556157,37.6430604494,34.7850542619,43.6806593357,24.1867732449,19.2093727123,52.8866712887,50.2891638427,18.3575597507,18.3847763109},{26.9258240357,26.9258240357,25.3179778023,27.2946881279,50.537115074,43.0464865001,21.3775583264,28.319604517,22.0227155455,16.4924225025,42.3792402008,13.0,28.6356421266,29.1547594742,17.0293863659,17.2046505341,50.8035431835,9.8488578018,30.083217913,8.0622577483,14.7648230602,15.2315462117,41.3037528561,38.3275357935,19.6468827044,36.1247837364,16.1245154966,4.472135955,1.41421356237,0.0,6.0,15.0332963784,32.0624390838,33.1360830516,36.2215405525,52.2398315464,45.2769256907,43.2897216438,11.1803398875,47.853944456,10.8166538264,38.3275357935,35.4400902933,44.3846820423,24.5967477525,19.4164878389,53.600373133,50.960769225,18.0277563773,17.0880074906},{29.0688837075,26.0192236625,25.079872408,30.61045573,55.9464029228,48.3011387029,21.0950231097,33.0151480384,26.2488094968,16.1245154966,48.0832611207,14.3178210633,34.1760149813,34.7850542619,21.9544984001,22.360679775,56.7186036499,9.21954445729,35.902646142,9.43398113206,20.2484567313,20.8806130178,47.2652091924,44.283179651,25.495097568,42.1070065429,22.0907220344,10.1980390272,7.07106781187,6.0,0.0,21.0237960416,38.0525951809,39.1152144312,42.1900462195,58.2151183113,51.2445119013,49.2544414241,16.7630546142,53.7587202229,9.0,44.1474801093,41.2310562562,50.219518118,30.083217913,24.5967477525,59.4390444069,56.7538544947,21.9317121995,16.0},{28.1602556807,34.8281495345,32.2024843762,25.079872408,38.4187454246,31.8276609257,29.0688837075,20.8806130178,18.0277563773,25.495097568,29.1547594742,20.5182845287,17.0293863659,16.9705627485,12.1655250606,11.0453610172,36.4005494464,21.4709105536,16.6433169771,18.3575597507,8.24621125124,7.07106781187,26.6833281283,23.769728648,7.21110255093,21.3775583264,3.16227766017,11.401754251,14.1421356237,15.0332963784,21.0237960416,0.0,17.0293863659,18.1107702763,21.2132034356,37.2155881319,30.2654919008,28.2842712475,6.40312423743,32.9848450049,22.4722050542,23.769728648,21.0237960416,29.7321374946,12.2065556157,10.0498756211,38.8973006776,36.4005494464,14.8660687473,25.8069758011},{37.5366487582,48.0104155366,45.0,32.2024843762,28.1780056072,24.5153013443,42.7200187266,23.7065391823,26.1725046566,40.249223595,17.88854382,35.3411940941,15.2315462117,13.9283882772,23.0217288664,21.6333076528,21.0950231097,37.6430604494,10.4403065089,34.4818792991,21.0237960416,19.6977156036,11.401754251,9.21954445729,14.7648230602,6.40312423743,16.4924225025,28.2842712475,31.1448230048,32.0624390838,38.0525951809,17.0293863659,0.0,1.41421356237,4.472135955,20.2237484162,13.3416640641,11.401754251,22.2036033112,16.5529453572,38.6393581727,9.43398113206,8.24621125124,14.2126704036,13.4536240471,18.3575597507,22.825424421,20.8086520467,25.5538646784,40.4969134626},{38.9486841883,49.4064773081,46.4004310325,33.6005952328,28.6356421266,25.3179778023,44.1021541424,25.0599281723,27.5862284483,41.5932686862,18.3847763109,36.6742416418,16.5529453572,15.2315462117,24.4131112315,23.0217288664,20.8086520467,38.8973006776,11.7046999107,35.7351367704,22.360679775,21.0237960416,11.313708499,9.43398113206,16.1245154966,6.7082039325,17.7200451467,29.4278779391,32.2490309932,33.1360830516,39.1152144312,18.1107702763,1.41421356237,0.0,3.16227766017,19.1049731745,12.1655250606,10.1980390272,23.0867927612,15.2315462117,39.4588393139,8.0622577483,7.07106781187,12.8062484749,13.6014705087,18.7882942281,21.4709105536,19.4164878389,25.9422435421,41.1096095822},{41.7252920901,52.4309069157,49.4064773081,36.235341864,28.4604989415,26.0192236625,47.1699056603,27.4590604355,30.4138126515,44.72135955,18.4390889146,39.8120584748,18.8679622641,17.4928556845,27.4590604355,26.0768096208,19.1049731745,42.0594816896,13.8924439894,38.8973006776,25.495097568,24.1660919472,10.295630141,9.21954445729,19.2353840617,7.0,20.8806130178,32.5576411922,35.3553390593,36.2215405525,42.1900462195,21.2132034356,4.472135955,3.16227766017,0.0,16.0312195419,9.05538513814,7.07106781187,26.0192236625,12.0830459736,42.2965719651,6.0827625303,6.32455532034,9.89949493661,15.6524758425,21.1896201004,18.3575597507,16.4012194669,28.231188427,43.6806593357},{54.6443043693,66.6483308118,63.5295206971,48.6004115209,28.8617393793,30.886890423,61.7413961617,39.2045915678,43.9089968002,59.8080262172,22.4722050542,55.0272659688,31.064449134,29.6816441593,42.1544778167,40.8533964316,14.1421356237,57.7234787586,26.4196896272,54.5710545986,40.8044115262,39.5600808897,14.8660687473,17.2046505341,34.4818792991,17.88854382,36.6742416418,48.5077313425,51.3517283059,52.2398315464,58.2151183113,37.2155881319,20.2237484162,19.1049731745,16.0312195419,0.0,7.0,9.0,42.0,6.40312423743,58.137767415,15.8113883008,18.6815416923,10.8166538264,30.5941170816,36.4965751818,8.0,9.48683298051,43.1740662898,59.0338885726},{49.040799341,60.5392434707,57.4543296889,43.1856457634,28.0,28.1602556807,55.4707129934,33.941125497,38.0131556175,53.310411741,19.6468827044,48.4664832642,25.495097568,24.0831891576,35.77708764,34.4383507154,14.8660687473,50.960769225,20.6155281281,47.8016736109,34.1760149813,32.8937684068,10.7703296143,12.2065556157,27.8567765544,12.0415945788,29.8328677804,41.5932686862,44.4072066223,45.2769256907,51.2445119013,30.2654919008,13.3416640641,12.1655250606,9.05538513814,7.0,0.0,2.0,35.0,4.472135955,51.1566222497,9.43398113206,12.0830459736,6.32455532034,23.769728648,29.6141857899,10.6301458127,9.8488578018,36.4005494464,52.172789843},{47.5078940809,58.8302643203,55.7584074378,41.7252920901,28.0713376952,27.6586333719,53.712196008,32.5576411922,36.4005494464,51.4781507049,19.2353840617,46.6154480832,24.0416305603,22.627416998,34.0,32.6496554346,15.6524758425,49.040799341,19.1049731745,45.8802789878,32.3109888428,31.0161248385,10.1980390272,11.1803398875,26.0,10.6301458127,27.892651362,39.6232255123,42.4264068712,43.2897216438,49.2544414241,28.2842712475,11.401754251,10.1980390272,7.07106781187,9.0,2.0,0.0,33.0,5.65685424949,49.1629942131,7.81024967591,10.295630141,6.0,21.8403296678,27.6586333719,12.0415945788,10.8166538264,34.4818792991,50.219518118},{31.1448230048,35.3553390593,33.1058907145,29.1547594742,44.821869662,38.1837661841,29.5296461205,26.4007575649,22.360679775,25.2388589282,35.5105618091,20.591260282,23.3452350599,23.3452350599,16.2788205961,15.5241746963,42.3792402008,19.7989898732,23.0217288664,17.0293863659,12.3693168769,11.7046999107,32.5729949498,29.7321374946,13.4536240471,27.2029410175,9.21954445729,9.21954445729,10.8166538264,11.1803398875,16.7630546142,6.40312423743,22.2036033112,23.0867927612,26.0192236625,42.0,35.0,33.0,0.0,37.2155881319,16.4924225025,27.4590604355,24.5153013443,33.5410196625,13.416407865,8.48528137424,42.7551166529,40.0249921924,10.0,19.4164878389},{53.1507290637,64.3506021728,61.2943716829,47.3814309619,32.0624390838,32.5729949498,59.1692487699,38.2099463491,42.0119030752,56.7978872847,24.0416305603,51.8941229813,29.6984848098,28.2842712475,39.4461658466,38.0788655293,18.2482875909,54.083269132,24.7588368063,50.9215082259,37.5765884561,36.2491379208,15.2315462117,16.6433169771,31.304951685,16.2788205961,32.8937684068,44.3846820423,47.0744091838,47.853944456,53.7587202229,32.9848450049,16.5529453572,15.2315462117,12.0830459736,6.40312423743,4.472135955,5.65685424949,37.2155881319,0.0,53.0,10.0498756211,13.0384048104,4.472135955,25.079872408,31.064449134,6.40312423743,5.38516480713,37.483329628,53.4602656185},{37.3363094052,35.0142828,34.0587727319,38.0788655293,60.207972894,53.0094331228,30.0665927567,38.8973006776,32.8024389337,25.079872408,51.4295634825,22.803508502,38.275318418,38.5875627631,27.5862284483,27.5862284483,58.8217646794,18.1107702763,38.9101529167,17.7200451467,24.8394846967,25.0,49.040799341,46.1735855225,28.6530975638,43.6806593357,24.5967477525,14.8660687473,12.2065556157,10.8166538264,9.0,22.4722050542,38.6393581727,39.4588393139,42.2965719651,58.137767415,51.1566222497,49.1629942131,16.4924225025,53.0,0.0,43.0116263352,40.0124980475,49.040799341,28.0713376952,22.0907220344,58.137767415,55.2268050859,17.0880074906,7.0},{46.8614980554,56.8506816142,53.9073278878,41.6173040934,33.9558536927,32.0,51.4003891036,33.1209903234,35.4682957019,48.5489443758,24.1867732449,43.5660418216,24.5967477525,23.2594066992,31.8904374382,30.4795013083,23.0217288664,45.1884941108,19.6977156036,42.0475920833,29.4108823397,28.0178514522,15.5241746963,15.0332963784,23.4307490277,13.0384048104,24.1867732449,35.1140997322,37.6430604494,38.3275357935,44.1474801093,23.769728648,9.43398113206,8.0622577483,6.0827625303,15.8113883008,9.43398113206,7.81024967591,27.4590604355,10.0498756211,43.0116263352,0.0,3.0,6.0827625303,15.0332963784,21.0237960416,15.2970585408,12.6491106407,27.4590604355,43.4165866922},{45.0,54.5618914628,51.6623654124,39.9624824054,34.7850542619,32.14031736,49.040799341,31.7804971641,33.6005952328,46.0434577329,24.7386337537,41.0487515035,23.4093998214,22.1359436212,29.6984848098,28.2842712475,24.8394846967,42.4852915725,18.6815416923,39.3573373083,27.0185121722,25.6124969497,16.5529453572,15.5241746963,21.2132034356,13.152946438,21.6333076528,32.3109888428,34.7850542619,35.4400902933,41.2310562562,21.0237960416,8.24621125124,7.07106781187,6.32455532034,18.6815416923,12.0830459736,10.295630141,24.5153013443,13.0384048104,40.0124980475,3.0,0.0,9.05538513814,12.0415945788,18.0277563773,18.2482875909,15.5241746963,24.5153013443,40.4474968323},{51.6236379966,62.2012861603,59.2030404625,46.0977222865,34.0587727319,33.5410196625,56.8594759033,37.2021504755,40.3112887415,54.2033209315,25.179356624,49.244289009,28.6006992922,27.2029410175,37.2021504755,35.8050275799,21.1896201004,51.0783711565,23.6008474424,47.9270278653,34.9857113691,33.6154726279,16.1245154966,16.7630546142,28.8444102037,15.6524758425,29.9666481275,41.1096095822,43.6806593357,44.3846820423,50.219518118,29.7321374946,14.2126704036,12.8062484749,9.89949493661,10.8166538264,6.32455532034,6.0,33.5410196625,4.472135955,49.040799341,6.0827625303,9.05538513814,0.0,21.0,27.0,9.21954445729,6.7082039325,33.2415402772,49.2544414241},{39.9249295554,47.0106370942,44.4072066223,36.1386219992,41.0487515035,36.2491379208,41.2310562562,30.0166620396,29.1204395571,37.483329628,30.8058436015,32.5576411922,23.3452350599,22.5610283454,23.769728648,22.4722050542,34.4093010682,32.8024389337,20.2484567313,29.8328677804,20.1246117975,18.7882942281,24.8394846967,22.627416998,16.2788205961,19.7989898732,14.3178210633,22.2036033112,24.1867732449,24.5967477525,30.083217913,12.2065556157,13.4536240471,13.6014705087,15.6524758425,30.5941170816,23.769728648,21.8403296678,13.416407865,25.079872408,28.0713376952,15.0332963784,12.0415945788,21.0,0.0,6.0,30.0665927567,27.1661554144,12.6491106407,28.4429253067},{38.0788655293,43.5660418216,41.1825205639,35.1283361405,44.687805943,39.1152144312,37.7359245282,30.4138126515,28.0713376952,33.6005952328,34.6554469023,28.8444102037,25.079872408,24.5967477525,22.2036033112,21.0950231097,39.4461658466,28.2842712475,23.0217288664,25.495097568,18.2482875909,17.1172427686,29.6816441593,27.2029410175,16.2788205961,24.4131112315,13.0,17.691806013,19.2093727123,19.4164878389,24.5967477525,10.0498756211,18.3575597507,18.7882942281,21.1896201004,36.4965751818,29.6141857899,27.6586333719,8.48528137424,31.064449134,22.0907220344,21.0237960416,18.0277563773,27.0,6.0,0.0,36.0555127546,33.1360830516,7.21110255093,22.5610283454},{59.5482997238,70.7248188403,67.6756972628,53.7587202229,36.6742416418,38.0788655293,65.5133574166,44.5533388199,48.4148737476,63.0634601017,29.5465734054,58.137767415,36.0693775937,34.6554469023,45.7930125674,44.418464629,22.0907220344,60.166435826,31.1448230048,57.008771255,43.8292140016,42.4852915725,21.0950231097,22.803508502,37.5898922584,22.627416998,39.0,50.2891638427,52.8866712887,53.600373133,59.4390444069,38.8973006776,22.825424421,21.4709105536,18.3575597507,8.0,10.6301458127,12.0415945788,42.7551166529,6.40312423743,58.137767415,15.2970585408,18.2482875909,9.21954445729,30.0665927567,36.0555127546,0.0,3.16227766017,42.0475920833,58.0775343829},{58.0,68.8186021363,65.8027355054,52.3450093132,37.2155881319,37.947331922,63.5137780328,43.2781700168,46.7546789102,60.9015599143,29.4108823397,55.9464029228,34.7131099154,33.3016516107,43.8292140016,42.4381903478,23.0217288664,57.7754273026,29.7321374946,54.626001135,41.6773319683,40.3112887415,20.6155281281,21.9544984001,35.5105618091,21.400934559,36.6742416418,47.759815745,50.2891638427,50.960769225,56.7538544947,36.4005494464,20.8086520467,19.4164878389,16.4012194669,9.48683298051,9.8488578018,10.8166538264,40.0249921924,5.38516480713,55.2268050859,12.6491106407,15.5241746963,6.7082039325,27.1661554144,33.1360830516,3.16227766017,0.0,39.0128184063,55.0363516233},{41.1096095822,44.3846820423,42.3792402008,39.1152144312,51.6623654124,45.8039299624,38.6264158317,35.7351367704,32.2490309932,34.0147027034,41.7252920901,29.7321374946,31.384709653,31.064449134,26.1725046566,25.3179778023,46.6476151588,27.7848879789,29.8328677804,25.495097568,22.2036033112,21.3775583264,36.8917334914,34.4093010682,21.9317121995,31.6227766017,18.0277563773,18.0277563773,18